10	-83.08	101.51	47.0	262.0	15.0	59.64735150948535	12.146230636788882	surfaceDep_10.h5
11	-83.07	108.4	10.0	246.0	15.0	57.84297568776337	19.24179627225055	surfaceDep_11.h5
12	-83.2	119.8	20.0	124.0	15.0	51.90621490853476	29.726971662051714	surfaceDep_12.h5
13	-82.85	131.72	29.0	280.0	15.0	46.94497062170728	41.85585757707357	surfaceDep_13.h5
14	-82.55	138.72	38.0	293.0	15.0	43.23509906610629	49.248130944603574	surfaceDep_14.h5
15	-82.17	149.87	29.0	241.0	15.0	34.57340520018273	59.57032358030191	surfaceDep_15.h5
16	-81.29	158.51	15.0	216.0	15.0	28.067851571418583	71.29084044409935	surfaceDep_16.h5
17	-80.62	164.61	13.0	312.0	15.0	21.897348521443313	79.5520742475016	surfaceDep_17.h5
18	-79.04	177.03	20.0	234.0	15.0	4.995267746408234	96.2796899453946	surfaceDep_18.h5
19	-77.51	180.34	15.0	220.0	15.0	-0.651961065126191	109.86582508741786	surfaceDep_19.h5
201	-70.325	98.853	0.0	0.0	15.0	171.0084856338292	26.635492747779953	surfaceDep_201.h5
203	-71.333	102.017	0.0	0.0	15.0	160.60513160129463	34.18747246060221	surfaceDep_203.h5
205	-72.337	105.36	0.0	0.0	15.0	149.8220856685935	41.155363399727314	surfaceDep_205.h5
207	-73.064	109.57	0.0	0.0	15.0	140.37086457796693	49.901006743925485	surfaceDep_207.h5
209	-73.824	113.87	0.0	0.0	15.0	130.12077466131447	57.58011056509547	surfaceDep_209.h5
20	-76.72	181.93	4.0	144.0	15.0	-3.934214282505825	116.7507025811517	surfaceDep_20.h5
211	-74.138	118.6	0.0	0.0	15.0	122.5044778204923	66.79158776961732	surfaceDep_211.h5
213	-74.72	123.54	0.0	0.0	15.0	112.03068910392757	74.26400914892018	surfaceDep_213.h5
215	-75.178	128.82	0.0	0.0	15.0	101.58241848784292	81.7327714116762	surfaceDep_215.h5
217	-75.631	134.28	0.0	0.0	15.0	90.4917572556532	88.24556821990633	surfaceDep_217.h5
219	-75.924	140.05	0.0	0.0	15.0	79.50647770730535	94.92021776797523	surfaceDep_219.h5
21	-76.17	187.33	10.0	107.0	15.0	-15.521231531918597	120.66085764726745	surfaceDep_21.h5
221	-75.763	145.92	0.0	0.0	15.0	70.17553154030313	103.72679132867458	surfaceDep_221.h5
223	-75.258	151.28	0.0	0.0	15.0	62.31382011986091	113.72427088471456	surfaceDep_223.h5
225	-74.833	156.61	0.0	0.0	15.0	52.96448249227378	122.45229921976963	surfaceDep_225.h5
227	-73.917	160.75	0.0	0.0	15.0	46.64246477019276	133.56354283730894	surfaceDep_227.h5
229	-73.047	164.58	0.0	0.0	15.0	39.65159687913033	143.75825118617942	surfaceDep_229.h5
22	-72.59	183.89	8.0	97.0	15.0	-10.389636000550633	152.79356173167525	surfaceDep_22.h5
231	-72.627	169.26	0.0	0.0	15.0	28.47857418963734	150.1439245788312	surfaceDep_231.h5
233	-71.997	173.5	0.0	0.0	15.0	17.92715799488984	157.3446669520377	surfaceDep_233.h5
235	-71.253	177.43	0.0	0.0	15.0	7.394439082051526	164.74137272558897	surfaceDep_235.h5
237	-70.33	180.66	0.0	0.0	15.0	-1.9930949742433524	173.0148612447673	surfaceDep_237.h5
238	-74.295	123.99	0.0	4.0	15.0	114.54371170235731	77.23161073806541	surfaceDep_238.h5
23	-72.81	203.42	3.0	15.0	15.0	-60.101629939441025	138.7537700692488	surfaceDep_23.h5
240	-73.412	129.35	0.0	4.0	15.0	112.8347003786162	92.51868069221538	surfaceDep_240.h5
242	-72.534	134.45	0.0	4.0	15.0	109.67702588170599	107.59130720826978	surfaceDep_242.h5
244	-72.045	139.89	0.0	4.0	15.0	101.754273158654	120.79425530842434	surfaceDep_244.h5
246	-71.76	145.39	0.0	4.0	15.0	91.13209743707466	132.05419104551078	surfaceDep_246.h5
248	-71.499	150.83	0.0	4.0	15.0	79.32148724349487	142.10376650221986	surfaceDep_248.h5
24	-71.51	204.5	8.0	72.0	15.0	-67.44841850448448	148.00202711813876	surfaceDep_24.h5
250	-70.617	155.41	0.0	4.0	15.0	70.94956962357043	155.03877874581633	surfaceDep_250.h5
252	-69.911	160.09	0.0	4.0	15.0	60.17819552440471	166.14972772582587	surfaceDep_252.h5
254	-69.21	164.64	0.0	4.0	15.0	48.44136941894825	176.3460880501714	surfaceDep_254.h5
255	-71.192	38.332	0.0	1.0	15.0	102.61109870649383	-129.77909090930095	surfaceDep_255.h5
257	-72.644	39.725	0.0	1.0	15.0	97.57280195174728	-117.42272748863786	surfaceDep_257.h5
259	-74.133	39.844	0.0	1.0	15.0	89.42460608656134	-107.16329571957323	surfaceDep_259.h5
25	-75.3	36.81	6.0	344.0	15.0	77.47656967119663	-103.5273928937362	surfaceDep_25.h5
261	-75.635	39.504	0.0	1.0	15.0	80.38236499614645	-97.49773473340304	surfaceDep_261.h5
263	-77.12	38.512	0.0	1.0	15.0	70.54846654059773	-88.65345600110072	surfaceDep_263.h5
265	-78.591	36.859	0.0	1.0	15.0	60.199993317972286	-80.2984722065955	surfaceDep_265.h5
267	-80.067	35.303	0.0	1.0	15.0	50.49417146979766	-71.30755686765394	surfaceDep_267.h5
269	-81.468	31.844	0.0	1.0	15.0	39.597725347593624	-63.75522335158973	surfaceDep_269.h5
26	-75.99	36.25	8.0	85.0	15.0	72.87206336029261	-99.3849556696866	surfaceDep_26.h5
271	-82.867	27.564	0.0	1.0	15.0	29.034645294988266	-55.623252142527086	surfaceDep_271.h5
273	-84.284	22.783	0.0	1.0	15.0	19.470760230583306	-46.35760395908879	surfaceDep_273.h5
275	-85.711	16.943	0.0	1.0	15.0	10.99470987638294	-36.09044755597121	surfaceDep_275.h5
277	-87.187	11.5844	0.0	1.0	15.0	4.968967271475587	-24.240425633393766	surfaceDep_277.h5
279	-88.485	350.01	0.0	1.0	15.0	-2.3118518805782187	-13.124573358123088	surfaceDep_279.h5
27	-77.18	33.7	12.0	250.0	15.0	62.57014247488416	-93.81997186586946	surfaceDep_27.h5
281	-88.77	283.98	0.0	1.0	15.0	-10.499196889410943	-2.613852278762514	surfaceDep_281.h5
283	-87.8	242.56	0.0	1.0	15.0	-17.174943218852373	8.917866739569037	surfaceDep_283.h5
285	-86.318	236.22	0.0	1.0	15.0	-26.920671707839702	18.008221348600383	surfaceDep_285.h5
287	-84.808	234.61	0.0	1.0	15.0	-37.232507113358466	26.449982763298944	surfaceDep_287.h5
289	-83.294	234.58	0.0	1.0	15.0	-48.07170158880439	34.188034090271735	surfaceDep_289.h5
28	-77.95	34.14	10.0	62.0	15.0	59.48751780500661	-87.73070262702217	surfaceDep_28.h5
291	-81.78	234.82	0.0	1.0	15.0	-59.09977932913549	41.65939173494094	surfaceDep_291.h5
293	-80.267	235.01	0.0	1.0	15.0	-70.14103671146125	49.09507778139291	surfaceDep_293.h5
295	-78.758	234.29	0.0	1.0	15.0	-80.29667490019928	57.72027638108654	surfaceDep_295.h5
297	-77.247	233.74	0.0	1.0	15.0	-90.4563728940367	66.3496311515683	surfaceDep_297.h5
299	-75.733	233.85	0.0	1.0	15.0	-101.33740739893747	74.03206635007633	surfaceDep_299.h5
29	-78.76	35.23	8.0	117.0	15.0	57.03541744345484	-80.76304949524219	surfaceDep_29.h5
301	-74.218	233.95	0.0	1.0	15.0	-112.24108487402926	81.69770187594288	surfaceDep_301.h5
303	-72.715	233.43	0.0	1.0	15.0	-122.11329364415076	90.59019307413648	surfaceDep_303.h5
305	-71.25	232.18	0.0	1.0	15.0	-130.28780357106422	101.13449150082445	surfaceDep_305.h5
307	-69.898	230.2	0.0	1.0	15.0	-135.8528063335391	113.18830459025938	surfaceDep_307.h5
308	-71.992	58.269	0.0	2.0	15.0	134.72909788511316	-83.31112316436734	surfaceDep_308.h5
30	-79.18	32.940002	30.0	12.0	15.0	51.75386732981655	-79.87696523909821	surfaceDep_30.h5
310	-73.416	59.311	0.0	2.0	15.0	125.44995792516322	-74.45416369729894	surfaceDep_310.h5
312	-74.817	60.776	0.0	2.0	15.0	116.55722925224741	-65.20572201921199	surfaceDep_312.h5
314	-75.941	64.254	0.0	2.0	15.0	111.39256784234142	-53.71980946956276	surfaceDep_314.h5
316	-76.907	68.909	0.0	2.0	15.0	107.45669038696948	-41.44470958412382	surfaceDep_316.h5
318	-77.845	73.998	0.0	2.0	15.0	102.77799000298037	-29.474991043914063	surfaceDep_318.h5
31	-80.38	33.15	6.0	9.0	15.0	46.27406810717932	-70.84904650919344	surfaceDep_31.h5
320	-78.79	79.484	0.0	2.0	15.0	96.95207426414501	-17.997015037501356	surfaceDep_320.h5
322	-79.651	85.607	0.0	2.0	15.0	90.76710155954284	-6.972989138386237	surfaceDep_322.h5
324	-80.787	90.993	0.0	2.0	15.0	81.02958742143893	1.4044682778265607	surfaceDep_324.h5
326	-81.897	97.24	0.0	2.0	15.0	70.70938365523688	8.982824422215847	surfaceDep_326.h5
328	-82.846	105.2	0.0	2.0	15.0	60.72835923006845	16.499523511728064	surfaceDep_328.h5
32	-81.16	29.46	3.0	208.0	15.0	38.2439261593266	-67.70615760973085	surfaceDep_32.h5
330	-83.265	116.73	0.0	2.0	15.0	52.91309396448185	26.647231327284764	surfaceDep_330.h5
332	-83.337	128.9	0.0	2.0	15.0	45.61347486577274	36.80543357387353	surfaceDep_332.h5
334	-82.758	139.92	0.0	2.0	15.0	41.016203218000854	48.74281346963324	surfaceDep_334.h5
336	-82.239	149.88	0.0	2.0	15.0	34.25841499826856	59.05136056439156	surfaceDep_336.h5
338	-81.723	159.57	0.0	2.0	15.0	25.41465648502691	68.22861247675598	surfaceDep_338.h5
33	-82.83	25.54	11.0	248.0	15.0	27.19232796858795	-56.90762367704145	surfaceDep_33.h5
340	-80.816	167.1	0.0	2.0	15.0	18.035626805139692	78.74770912378415	surfaceDep_340.h5
342	-79.727	172.85	0.0	2.0	15.0	11.24762909190618	89.66333687213866	surfaceDep_342.h5
344	-78.967	179.58	0.0	2.0	15.0	0.7114117906158715	97.04870420442732	surfaceDep_344.h5
346	-77.787	183.79	0.0	2.0	15.0	-7.101161959873541	107.19618734820303	surfaceDep_346.h5
348	-76.532	187.06	0.0	2.0	15.0	-14.561085983366466	117.57248855390964	surfaceDep_348.h5
34	-84.42	20.86	8.0	229.0	15.0	17.478204095993057	-45.86694817050583	surfaceDep_34.h5
350	-75.721	192.11	0.0	2.0	15.0	-26.350495711782365	122.8095132193827	surfaceDep_350.h5
352	-74.913	196.87	0.0	2.0	15.0	-38.51322213502351	127.00098679359425	surfaceDep_352.h5
354	-74.141	201.51	0.0	2.0	15.0	-51.15067732758625	129.78717980831775	surfaceDep_354.h5
356	-73.041	204.81	0.0	2.0	15.0	-62.59713544836613	135.41055387431058	surfaceDep_356.h5
